train_R^2: 0.9658938794119116
train_MAE:  0.07346948740264515
train_RMSE:  0.0981624266110206
R^2: 0.9058383528980465
MAE:  0.1287343879233569
RMSE:  0.17017938966678134