train_R^2: 0.9838023550083367
train_MAE:  0.045786964184601465
train_RMSE:  0.06839069029249645
R^2: 0.8457525399896142
MAE:  0.14352836232084834
RMSE:  0.20984856182415804